0.0 -3.565975
0.19786666666666666 -1.7081625
0.30061666666666664 -1.7081625
0.3950666666666667 -1.7081625
0.49798333333333333 -3.2312625
0.6030333333333333 -1.88285
0.6980166666666667 -1.88285
0.8006833333333334 -0.7212125
0.9037999999999999 -0.7212125
0.9980666666666667 -0.7212125
1.1009 -3.5789125
1.2062666666666666 -3.0629625000000003
1.3009833333333334 -3.0629625000000003
1.40365 -3.2884375
1.5064166666666667 -3.2884375
1.6010666666666666 -3.2884375
1.7042333333333333 -3.011125
1.80905 -1.8615
1.9042666666666666 -1.8615
2.0069166666666667 -3.38395
2.10965 -3.38395
2.204283333333333 -3.38395
2.3075 -3.0083124999999997
2.457666666666667 -2.9497625
2.5604500000000003 -2.0672
2.6630333333333334 -2.0672
2.75755 -2.0672
2.8604833333333337 -1.9609500000000002
2.9660333333333337 -3.7830624999999998
3.060566666666667 -3.7830624999999998
3.1640000000000006 -3.4180249999999996
3.2661833333333337 -3.4180249999999996
3.3605500000000004 -3.4180249999999996
3.4638000000000004 -2.1722625
3.5588833333333336 -2.086675
3.6621000000000006 -3.7192375
3.7650333333333337 -3.7192375
3.8704833333333335 -3.5412999999999997
3.9650833333333337 -3.5412999999999997
4.068216666666667 -2.0941
4.17075 -2.0941
4.2651 -2.0941
4.368233333333333 -2.0482875000000003
4.4629 -3.3243625
4.56575 -3.5536874999999997
4.668933333333333 -3.5536874999999997
4.7629166666666665 -3.5536874999999997
4.866133333333334 -3.345275
4.971100000000001 -1.698875
5.066166666666668 -1.698875
5.168783333333334 -3.911425
5.271066666666667 -3.911425
5.366200000000001 -3.911425
5.469250000000001 -2.8907125000000002
5.5646 -2.1362125
5.6672166666666675 -2.1695625
5.769833333333334 -2.1695625
5.864650000000001 -2.1695625
5.967466666666668 -3.6042375
6.062900000000001 -2.4963124999999997
6.165450000000001 -1.9054375
6.268233333333335 -1.9054375
6.362966666666668 -1.9054375
6.465883333333334 -3.348625
6.568466666666668 -3.348625
6.6630166666666675 -3.348625
6.765966666666667 -3.5724375
6.868316666666668 -3.5724375
6.963066666666668 -3.5724375
7.066016666666668 -2.1186
7.169600000000001 -2.1186
7.263116666666668 -2.1186
7.365633333333334 -2.3490875
7.467716666666668 -2.3490875
7.5631666666666675 -2.3490875
7.666083333333335 -3.2718125000000002
7.768500000000001 -3.2718125000000002
7.863216666666668 -3.2718125000000002
7.9660833333333345 -3.5385500000000003
8.068650000000002 -3.5385500000000003
8.163250000000001 -3.5385500000000003
8.266150000000001 -3.39145
8.368500000000001 -3.39145
8.463316666666667 -3.39145
8.566283333333335 -1.96645
8.6614 -2.198175
8.764350000000002 -2.198175
8.866633333333334 -2.198175
8.961416666666668 -2.198175
9.0646 -3.5670375
9.166800000000002 -3.5670375
9.261483333333334 -3.5670375
9.364383333333334 -3.1721625
9.467733333333335 -3.1721625
9.56155 -3.1721625
9.664833333333334 -3.45875
9.767500000000002 -3.45875
9.861600000000001 -3.45875
9.964883333333335 -3.3550875
10.067666666666668 -3.3550875
10.161666666666669 -3.3550875
10.265050000000002 -3.3185874999999996
10.367033333333335 -3.3185874999999996
10.461716666666668 -3.3185874999999996
10.564733333333335 -2.268675
10.667433333333335 -2.268675
10.761783333333334 -2.268675
10.864650000000001 -2.8952999999999998
10.967083333333335 -2.8952999999999998
11.061816666666669 -2.8952999999999998
11.164766666666669 -3.3904125
11.259933333333336 -2.1265625
11.363383333333335 -3.3456625
11.465600000000002 -3.3456625
11.560050000000002 -3.3456625
11.663266666666669 -3.2474875
11.765550000000003 -3.2474875
11.860083333333336 -3.2474875
11.963016666666668 -3.5306375
12.065500000000002 -3.5306375
12.160150000000002 -3.5306375
12.263233333333336 -3.5355250000000003
12.365783333333335 -3.5355250000000003
12.46021666666667 -3.5355250000000003
12.563083333333335 -3.570575
12.665716666666668 -3.570575
12.760250000000003 -3.570575
12.863216666666668 -2.1493124999999997
12.965900000000001 -2.1493124999999997
13.060350000000001 -2.1493124999999997
13.163400000000003 -1.5091875
13.265983333333335 -1.5091875
13.36041666666667 -1.5091875
13.463533333333336 -3.6180499999999998
13.565983333333335 -3.6180499999999998
13.66051666666667 -3.6180499999999998
13.763383333333335 -3.294925
